145 2
-0.667763 0.387255 
-0.667763 0.389706 
-0.674342 0.389706 
-0.677632 0.39951 
-0.674342 0.404412 
-0.671053 0.404412 
-0.671053 0.404412 
-0.671053 0.406863 
-0.674342 0.401961 
-0.671053 0.401961 
-0.664474 0.404412 
-0.654605 0.406863 
-0.644737 0.404412 
-0.634868 0.401961 
-0.621711 0.397059 
-0.615132 0.389706 
-0.611842 0.384804 
-0.605263 0.382353 
-0.601974 0.377451 
-0.595395 0.375 
-0.585526 0.375 
-0.572368 0.375 
-0.555921 0.372549 
-0.542763 0.367647 
-0.523026 0.362745 
-0.506579 0.35049 
-0.486842 0.348039 
-0.470395 0.343137 
-0.450658 0.340686 
-0.4375 0.333333 
-0.427632 0.333333 
-0.407895 0.328431 
-0.391447 0.328431 
-0.378289 0.328431 
-0.361842 0.335784 
-0.348684 0.345588 
-0.342105 0.355392 
-0.335526 0.360294 
-0.332237 0.367647 
-0.322368 0.377451 
-0.315789 0.387255 
-0.3125 0.401961 
-0.309211 0.414216 
-0.3125 0.426471 
-0.315789 0.441176 
-0.3125 0.453431 
-0.305921 0.465686 
-0.299342 0.482843 
-0.296053 0.5 
-0.296053 0.514706 
-0.296053 0.526961 
-0.296053 0.544118 
-0.299342 0.563725 
-0.292763 0.580882 
-0.289474 0.593137 
-0.282895 0.605392 
-0.279605 0.620098 
-0.269737 0.637255 
-0.263158 0.656863 
-0.256579 0.678922 
-0.253289 0.691176 
-0.253289 0.705882 
-0.256579 0.723039 
-0.259868 0.737745 
-0.259868 0.747549 
-0.259868 0.762255 
-0.259868 0.77451 
-0.259868 0.784314 
-0.259868 0.796569 
-0.256579 0.816176 
-0.25 0.830882 
-0.246711 0.843137 
-0.246711 0.855392 
-0.246711 0.862745 
-0.25 0.872549 
-0.25 0.882353 
-0.243421 0.892157 
-0.236842 0.89951 
-0.230263 0.89951 
-0.226974 0.89951 
-0.223684 0.901961 
-0.223684 0.892157 
-0.226974 0.882353 
-0.230263 0.870098 
-0.233553 0.860294 
-0.236842 0.855392 
-0.236842 0.845588 
-0.236842 0.838235 
-0.236842 0.830882 
-0.233553 0.823529 
-0.230263 0.813725 
-0.230263 0.801471 
-0.226974 0.791667 
-0.226974 0.776961 
-0.226974 0.767157 
-0.230263 0.757353 
-0.233553 0.745098 
-0.233553 0.735294 
-0.233553 0.727941 
-0.233553 0.723039 
-0.233553 0.715686 
-0.226974 0.703431 
-0.226974 0.691176 
-0.233553 0.678922 
-0.236842 0.661765 
-0.243421 0.644608 
-0.246711 0.625 
-0.246711 0.615196 
-0.246711 0.610294 
-0.246711 0.602941 
-0.246711 0.595588 
-0.246711 0.585784 
-0.246711 0.57598 
-0.246711 0.566176 
-0.243421 0.556373 
-0.243421 0.546569 
-0.240132 0.536765 
-0.236842 0.526961 
-0.236842 0.522059 
-0.236842 0.512255 
-0.236842 0.5 
-0.240132 0.490196 
-0.243421 0.482843 
-0.240132 0.468137 
-0.243421 0.455882 
-0.243421 0.443627 
-0.243421 0.431373 
-0.246711 0.421569 
-0.25 0.409314 
-0.246711 0.394608 
-0.25 0.387255 
-0.246711 0.375 
-0.243421 0.360294 
-0.246711 0.352941 
-0.246711 0.340686 
-0.246711 0.32598 
-0.246711 0.330882 
-0.246711 0.335784 
-0.246711 0.335784 
-0.246711 0.343137 
-0.246711 0.343137 
-0.243421 0.343137 
-0.243421 0.345588 
-0.246711 0.343137 
-0.240132 0.345588 
